626.0,0.0,250.91,0.0,44.0,2.12,0.0,293.0,46.85,0.0,9.0,0.09
551.0,37.0,266.42,0.0,28.0,1.04,0.0,288.0,39.69,0.0,0.0,0.0
1009.0,0.0,281.85,0.0,61.0,1.51,0.0,388.0,52.51,0.0,0.0,0.0
1204.0,64.0,295.72,0.0,26.0,1.58,0.0,624.0,66.65,0.0,9.0,0.09
714.0,0.0,276.2,0.0,38.0,2.08,0.0,400.0,74.76,0.0,9.0,0.09
1207.0,0.0,302.7,0.0,37.0,2.79,0.0,563.0,77.72,0.0,24.000000000000057,0.24000000000000057
1026.0,66.0,351.3,0.0,176.0,3.58,0.0,515.0,105.68,0.0,56.18765615525255,1.0852025017813627
1608.0,0.0,368.44,0.0,19.0,1.55,0.0,901.0,115.88,0.0,165.60000000000002,2.176
1871.0,50.0,409.82,0.0,23.0,1.49,0.0,828.0,133.15,0.0,112.45024490457092,1.661502449045712
1550.0,38.0,391.67,0.0,38.0,1.64,0.0,808.0,133.45,0.0,112.0,1.3731565366142655
1475.0,50.0,454.12,0.0,10.0,0.53,0.0,757.0,172.96,0.0,89.30000000000038,0.8930000000000038
1662.0,16.0,451.96,0.0,80.0,1.64,0.0,792.0,173.0,0.0,121.60000000000025,2.4698894471092006
1534.0,0.0,502.96,0.0,56.0,1.2,0.0,735.0,215.66,0.0,76.60000000000002,1.706502449045711
1840.0,16.0,543.57,0.0,25.0,0.91,0.0,985.0,238.79,0.0,107.30000000000072,1.8540372846630568
1489.0,50.0,525.7,0.0,53.0,2.27,0.0,883.0,242.7,0.0,0.0,0.0
1437.0,0.0,583.26,0.0,54.0,2.0,0.0,855.0,269.79,0.0,165.0,3.4685005490619085
1795.0,66.0,629.07,0.0,44.0,1.36,0.0,926.0,296.21,0.0,89.86670327079409,2.774739118136428
1534.0,0.0,618.65,0.0,16.0,1.34,0.0,818.0,295.41,0.0,85.50000000000016,2.9162690215708933
1709.0,57.0,649.65,0.0,30.0,1.25,0.0,904.0,308.23,0.0,162.60000000000008,5.645897128573986
1741.0,148.0,604.68,0.0,52.0,2.29,0.0,959.0,280.72,0.0,143.29713521110662,4.5504713521110665
1821.0,116.0,603.74,0.0,31.0,1.6,0.0,964.0,275.32,0.0,100.4485651130417,3.045950976092862
1860.0,50.0,679.14,0.0,96.0,2.98,0.0,913.0,310.9,0.0,175.41751817050516,5.776646483965896
1699.0,100.0,653.68,0.0,82.0,2.52,0.0,940.0,310.19,0.0,134.0,5.180434927140962
1813.0,100.0,585.8,0.0,42.0,1.55,0.0,883.0,274.87,0.0,137.09645763534382,2.783133395509049
1620.0,50.0,651.9,0.0,26.0,1.13,0.0,837.0,309.4,0.0,59.59999999999998,1.2535875908525236
1766.0,48.0,671.74,0.0,14.0,0.88,0.0,857.0,337.87,0.0,132.20000000000024,4.968675181705054
1493.0,100.0,706.12,0.0,55.0,2.22,0.0,814.0,358.27,0.0,192.9,7.081299780002374
1645.0,96.0,749.34,0.0,29.0,0.92,0.0,843.0,372.61,0.0,151.0,5.738578209556349
1732.0,50.0,718.95,0.0,56.0,2.38,0.0,878.0,364.9,0.0,142.1000000000004,6.08914208505968
1987.0,66.0,716.69,0.0,11.0,0.88,0.0,1005.0,370.71,0.0,100.75875908525258,3.303013533210903
1711.0,49.0,675.45,0.0,26.0,1.9,0.0,905.0,336.03,0.0,78.10000000000102,3.6599510275240443
1595.0,100.0,738.53,0.0,50.0,1.7,0.0,850.0,374.28,0.0,107.02036394351022,2.8597994588092
1721.0,50.0,715.84,0.0,66.0,2.1,0.0,867.0,377.11,0.0,125.54260585589961,2.695101240264045
1849.0,108.0,738.52,0.0,54.0,3.21,0.0,941.0,362.47,0.0,110.90000000000032,3.7625647615792968
1462.0,0.0,648.81,0.0,59.0,1.96,0.0,787.0,335.57,0.0,20.68950101918852,0.2068950101918852
1644.0,50.0,691.6,0.0,85.0,2.59,0.0,955.0,366.66,0.0,82.37821721317009,3.252469118028064
1614.0,50.0,698.79,0.0,50.0,2.39,0.0,895.0,348.87,0.0,218.80000000000007,4.2022590526376815
1675.0,100.0,771.43,0.0,53.0,2.36,0.0,862.0,394.02,0.0,156.10000000000005,5.150488954688019
1634.0,100.0,693.82,0.0,41.0,2.11,0.0,963.0,356.65,0.0,106.70000000000013,2.4701011739172625
1566.0,104.0,754.12,0.0,35.0,1.99,0.0,761.0,388.89,0.0,149.1426058558993,3.8585450021088668
1662.0,98.0,701.25,0.0,55.0,1.98,0.0,922.0,363.69,0.0,74.20000000000007,1.6795274336579131
1565.0,0.0,731.27,0.0,41.0,1.43,0.0,841.0,381.32,0.0,135.84260585589954,3.6094260585590052
1595.0,116.0,685.9,0.0,32.0,1.68,0.0,913.0,363.47,0.0,132.0,4.051671487234864
1737.0,1.0,707.85,0.0,42.0,1.46,0.0,809.0,372.89,0.0,145.50000000000009,5.266338153901528
1763.0,32.0,711.66,0.0,30.0,1.57,0.0,843.0,359.14,0.0,150.20000000000005,6.1342776313443865
1636.0,16.0,665.89,0.0,64.0,2.51,0.0,968.0,339.57,0.0,132.0000000000003,3.5450000000000075
1820.0,100.0,734.36,0.0,73.0,2.82,0.0,914.0,369.33,0.0,126.40000000000003,8.222841980992625
2018.0,50.0,727.65,0.0,260.0,5.34,0.0,957.0,360.5,0.0,142.10000000000045,4.2890746691304065
1768.0,105.0,784.34,0.0,40.0,2.67,0.0,934.0,400.42,0.0,153.70000000000002,3.722735243993077
2019.0,83.0,713.33,0.0,38.0,2.46,0.0,1034.0,353.0,0.0,134.957651979773,4.501590214618803
2090.0,66.0,788.62,0.0,70.0,2.37,0.0,1021.0,382.43,0.0,144.0,5.955832466324138
1705.0,48.0,741.06,0.0,31.0,3.37,0.0,879.0,359.2,0.0,174.78679894385712,4.75510897952948
1791.0,48.0,722.32,0.0,64.0,2.11,0.0,968.0,362.91,0.0,124.2000000000005,4.058424440246841
1779.0,100.0,762.42,0.0,42.0,1.96,0.0,902.0,383.22,0.0,134.20000000000005,6.113136151051026
1642.0,50.0,705.99,0.0,90.0,3.22,0.0,869.0,362.44,0.0,96.72709792032009,2.6392709792031996
1899.0,1.0,685.65,0.0,53.0,4.04,0.0,1116.0,330.21,0.0,161.17084874224247,7.03527696261312
1628.0,51.0,689.93,0.0,43.0,2.7,0.0,947.0,333.43,0.0,184.0,3.5510000000000073
1864.0,69.0,758.0,0.0,52.0,3.36,0.0,952.0,379.68,0.0,130.60000000000008,4.077645925316507
1694.0,32.0,755.26,0.0,71.0,4.1,0.0,854.0,365.31,0.0,118.00000000000028,6.670725996163939
1807.0,112.0,743.2,0.0,55.0,2.82,0.0,857.0,358.46,0.0,142.20000000000016,13.145728902991523
2268.0,51.0,820.07,0.0,19.0,1.94,0.0,1149.0,410.04,0.0,164.10000000000005,5.363043397420593
2015.0,100.0,815.79,0.0,19.0,1.37,0.0,1164.0,401.06,-3.0,150.90000000000018,7.102732765607362
2057.0,0.0,756.5,0.0,80.0,3.26,0.0,1092.0,369.32,0.0,129.19086250505828,7.3474596016088585
1887.0,132.0,787.75,0.0,29.0,2.15,0.0,938.0,392.54,0.0,158.95378467139824,8.193523273082116
1808.0,83.0,764.72,0.0,42.0,3.13,0.0,909.0,378.17,0.0,205.80000000000013,9.703770427246809
2008.0,100.0,810.16,0.0,38.0,2.72,0.0,950.0,401.87,0.0,155.9000000000003,7.880432992061441
1983.0,16.0,770.03,0.0,94.0,4.81,0.0,1009.0,376.27,0.0,153.10000000000005,6.817705121275426
1739.0,75.0,768.53,0.0,104.0,3.46,0.0,964.0,381.18,0.0,178.90000000000006,11.632820009224716
1703.0,0.0,769.2,0.0,271.0,5.96,0.0,922.0,386.87,0.0,141.10000000000068,6.962511236362084
1727.0,66.0,873.2,0.0,209.0,4.78,16.0,895.0,433.33,0.0,107.70000000000132,7.413620231765748
1921.0,104.0,858.46,0.0,173.0,4.42,0.0,1016.0,423.28,0.0,111.24399082899156,7.19111125081126
2050.0,98.0,878.72,0.0,83.0,4.15,0.0,1046.0,425.81,0.0,144.7030576011754,10.273027211514968
1752.0,16.0,805.99,0.0,98.0,3.45,0.0,925.0,400.47,0.0,140.70000000000007,11.866369486962581
1714.0,102.0,767.03,0.0,79.0,4.06,0.0,940.0,389.73,0.0,127.60000000000025,2.7829718029515806
1839.0,100.0,782.34,0.0,42.0,2.95,0.0,972.0,388.0,0.0,177.20924348909287,7.323532343180849
1831.0,132.0,890.42,0.0,82.0,2.51,0.0,928.0,442.06,0.0,144.3000000000001,9.338244031418455
1914.0,194.0,839.7,0.0,118.0,3.8,0.0,960.0,423.55,0.0,118.90000000000092,4.803021777587739
1809.0,0.0,836.95,0.0,36.0,1.42,0.0,922.0,420.01,0.0,164.90000000000074,7.16775960943392
1965.0,114.0,876.33,0.0,178.0,2.97,0.0,1074.0,446.54,0.0,148.70000000000024,7.232834757740309
1931.0,16.0,924.76,0.0,42.0,3.11,0.0,945.0,463.56,0.0,178.60000000000008,8.762748053573693
1814.0,128.0,890.74,0.0,41.0,1.69,0.0,976.0,451.0,0.0,156.1000000000005,9.457514751146629
1951.0,85.0,884.0,0.0,50.0,2.16,0.0,964.0,444.61,0.0,139.0,8.83486485010633
1904.0,176.0,868.47,0.0,22.0,1.34,0.0,964.0,439.02,0.0,144.1000000000006,10.623846228924421
1797.0,96.0,907.59,0.0,44.0,2.19,0.0,973.0,451.06,0.0,125.5338153901535,6.1343381539015445
1869.0,98.0,861.7,0.0,67.0,3.38,0.0,921.0,437.82,0.0,98.80000000000092,7.129518878785319
1848.0,98.0,924.68,0.0,52.0,1.82,0.0,989.0,459.8,0.0,173.3000000000002,9.877733307049377
1748.0,86.0,798.48,0.0,74.0,3.22,0.0,879.0,402.55,0.0,105.90000000000006,6.739556011824069
1747.0,149.0,852.68,0.0,29.0,1.71,0.0,882.0,423.24,0.0,151.50000000000003,6.529000000000017
1873.0,6.0,851.11,0.0,29.0,1.92,0.0,856.0,427.79,0.0,131.9251510542019,10.060173964708735
1817.0,132.0,793.34,0.0,42.0,2.55,0.0,927.0,393.39,0.0,114.10000000000022,7.690392825109284
1653.0,66.0,792.78,0.0,19.0,2.0,0.0,810.0,401.27,0.0,156.50000000000003,7.321170961679533
2039.0,100.0,870.07,0.0,115.0,3.86,0.0,1075.0,415.18,0.0,131.64839114178756,7.420243445810989
1971.0,100.0,821.05,0.0,40.0,3.38,0.0,911.0,394.41,0.0,172.20000000000041,9.894759903439407
1882.0,151.0,880.05,0.0,24.0,1.75,0.0,843.0,428.78,0.0,118.60000000000002,9.414507764833312
1946.0,148.0,833.46,0.0,48.0,2.54,0.0,917.0,408.6,0.0,153.00000000000017,6.082069483250998
1824.0,50.0,832.03,0.0,25.0,1.61,0.0,855.0,401.56,0.0,148.0000000000001,6.655831419830318
1971.0,196.0,891.57,0.0,44.0,2.56,16.0,944.0,431.23,0.0,153.20000000000036,11.27908182188749
1548.0,246.0,873.81,0.0,47.0,3.02,0.0,828.0,425.76,0.0,140.50000000000037,10.01047218486939
2066.0,134.0,874.75,0.0,78.0,3.31,0.0,1072.0,413.95,0.0,153.70000000000002,9.637733047856097
1766.0,100.0,885.3,0.0,157.0,3.61,0.0,890.0,433.19,0.0,107.49959350066133,6.974442439970357
2153.0,98.0,876.34,0.0,26.0,2.3,0.0,1138.0,418.7,0.0,152.3000000000004,8.925564701055942
1734.0,0.0,782.91,0.0,59.0,4.56,0.0,906.0,370.9,0.0,155.60000000000076,7.998490309709659
1770.0,98.0,809.74,0.0,70.0,3.89,0.0,830.0,387.54,0.0,127.90000000000006,7.021202321802612
1856.0,50.0,859.28,0.0,54.0,2.95,0.0,898.0,430.22,0.0,117.50000000000026,8.236800720739573
2145.0,6.0,830.78,0.0,50.0,3.81,0.0,1044.0,401.84,0.0,133.800000000001,9.04484104432526
1714.0,112.0,873.36,0.0,73.0,3.52,0.0,913.0,430.31,0.0,173.2000000000006,9.202030274223413
1985.0,152.0,816.54,0.0,47.0,3.68,0.0,936.0,404.17,0.0,181.8000000000003,10.281236585378304
1943.0,100.0,900.06,0.0,72.0,2.86,0.0,1025.0,439.72,0.0,134.70000000000036,7.570075753689045
2028.0,100.0,878.06,0.0,64.0,2.62,0.0,1031.0,436.84,0.0,155.8000000000004,10.169669632673276
2041.0,68.0,922.5,0.0,25.0,3.41,0.0,1011.0,457.68,0.0,141.5000000000002,10.993881322623917
2057.0,50.0,951.98,0.0,22.0,2.17,0.0,1074.0,477.63,0.0,176.70000000000056,11.425062278576425
1984.0,150.0,924.89,0.0,86.0,3.23,0.0,955.0,461.44,0.0,151.70000000000002,7.077922415207151
2149.0,98.0,944.16,0.0,34.0,2.86,16.0,1092.0,467.93,0.0,166.20000000000002,12.651368885888921
1792.0,164.0,824.65,0.0,62.0,3.69,16.0,952.0,408.16,0.0,168.83754270040254,8.311139993006165
1959.0,149.0,805.09,0.0,139.0,3.79,0.0,933.0,391.2,0.0,179.9000000000004,9.341652175894678
2077.0,52.0,810.37,0.0,43.0,2.85,0.0,1066.0,391.26,0.0,113.50000000000065,11.049318744486996
1761.0,100.0,858.92,0.0,82.0,3.66,0.0,908.0,428.64,0.0,73.00000000000023,3.3106290174311432
1820.0,80.0,824.33,0.0,100.0,3.85,0.0,987.0,414.38,0.0,144.00000000000009,10.816856591215728
1942.0,154.0,863.07,0.0,54.0,3.04,0.0,927.0,431.36,0.0,106.30000000000021,7.852079282899108
1937.0,50.0,805.45,0.0,41.0,2.19,0.0,984.0,402.02,0.0,180.6749630764595,8.944621246930526
2073.0,114.0,778.62,0.0,24.0,2.19,0.0,1101.0,399.3,0.0,185.15306189744115,10.50730852861548
1938.0,182.0,838.0,0.0,34.0,2.41,0.0,1016.0,420.59,0.0,143.14301134033323,8.562138585124762
2100.0,66.0,890.09,0.0,50.0,3.27,0.0,1018.0,452.4,0.0,147.60000000000014,9.124664484145754
2229.0,33.0,918.99,0.0,17.0,2.21,16.0,1143.0,464.02,0.0,120.3383795618642,8.754558161739713
2004.0,77.0,890.04,0.0,156.0,3.13,0.0,1049.0,449.18,0.0,129.70000000000013,11.045973247959711
2107.0,50.0,781.35,0.0,53.0,3.06,0.0,1033.0,376.59,0.0,102.80000000000155,2.594066895205691
2036.0,82.0,828.43,0.0,49.0,2.45,0.0,1052.0,405.14,0.0,190.6000000000003,13.549940659942449
1745.0,50.0,788.03,0.0,137.0,5.05,0.0,879.0,393.78,0.0,111.20000000000044,6.853286149998996
2016.0,96.0,821.13,0.0,134.0,4.44,0.0,974.0,405.96,0.0,139.4,10.529809242396528
2066.0,100.0,839.73,0.0,161.0,4.89,0.0,988.0,413.73,0.0,159.10000000000005,14.89462989715849
2106.0,150.0,904.91,0.0,23.0,2.2,0.0,1035.0,440.59,0.0,157.8000000000003,12.871927021959808
2125.0,80.0,797.74,0.0,28.0,2.63,0.0,1028.0,383.34,0.0,130.3320561864725,10.872435277538015
2019.0,106.0,914.94,0.0,61.0,4.55,0.0,1028.0,447.38,0.0,174.70145293398474,16.606269596483628
2226.0,153.0,929.34,0.0,71.0,6.06,0.0,1137.0,452.3,0.0,183.55349212610957,16.964823096551108
2078.0,100.0,911.03,0.0,31.0,2.14,0.0,1082.0,457.5,0.0,176.6000000000003,15.168727128571431
2032.0,64.0,892.24,0.0,65.0,3.78,0.0,1034.0,435.79,0.0,184.0,13.283860202291258
1982.0,0.0,920.61,0.0,95.0,4.88,0.0,1104.0,468.41,0.0,118.50000000000048,9.756716221943126
1978.0,156.0,951.55,0.0,90.0,4.51,0.0,917.0,461.35,0.0,156.90000000000018,16.370522865139794
1945.0,66.0,903.08,0.0,137.0,4.22,0.0,1010.0,446.48,0.0,183.10000000000022,15.268729480060925
1822.0,70.0,908.91,0.0,124.0,5.32,0.0,945.0,448.64,0.0,196.1435669254686,10.707101308117453
2003.0,51.0,931.42,0.0,96.0,6.6,0.0,960.0,471.01,0.0,142.30000000000038,9.254940506915103
2160.0,21.0,994.89,0.0,101.0,4.43,0.0,1074.0,493.76,0.0,119.90000000000069,12.042391118563588
1892.0,117.0,974.57,0.0,70.0,3.86,0.0,972.0,484.32,0.0,128.14192592148737,13.182857548503911
1885.0,102.0,876.28,0.0,25.0,3.07,0.0,959.0,433.95,0.0,138.5222804383507,9.512675239411955
1963.0,202.0,907.31,0.0,70.0,4.93,0.0,1056.0,443.8,0.0,156.8861786945538,11.595151084678328
2029.0,50.0,863.37,0.0,71.0,5.2,0.0,962.0,420.74,0.0,174.3000000000002,9.040045987751965
1933.0,17.0,949.21,0.0,29.0,3.01,0.0,1004.0,474.13,0.0,205.4,18.38150715867408
1770.0,86.0,805.13,0.0,52.0,2.99,0.0,865.0,388.36,0.0,131.00000000000017,5.6770848074386935
1931.0,50.0,856.9,0.0,41.0,3.62,0.0,1034.0,427.44,0.0,112.3000000000005,8.07941157621972
2096.0,50.0,904.05,0.0,128.0,3.86,0.0,1150.0,453.51,0.0,172.80000000000064,15.081008002886842
2041.0,100.0,891.25,0.0,43.0,4.44,0.0,1007.0,441.23,0.0,123.61852643304516,7.780548375133949
2185.0,87.0,889.95,0.0,143.0,3.7,0.0,1100.0,428.76,0.0,126.67962520307766,16.559422568825372
1780.0,132.0,859.01,0.0,38.0,3.27,0.0,849.0,430.08,0.0,199.90000000000057,8.75765128079675
1924.0,80.0,914.89,0.0,53.0,4.19,10.0,985.0,452.26,0.0,164.70000000000044,12.590203224252571
1793.0,0.0,843.05,0.0,31.0,2.6,0.0,919.0,409.31,0.0,101.60000000000088,7.605648149749141
1818.0,149.0,813.2,0.0,43.0,3.9,0.0,1000.0,389.55,0.0,146.70000000000059,11.382427552463234
1993.0,49.0,863.9,0.0,72.0,4.18,0.0,1000.0,429.43,0.0,128.90000000000092,10.780358517070916
2297.0,132.0,875.75,0.0,77.0,5.76,0.0,1205.0,415.89,0.0,177.16344876033077,9.027971722398458
1933.0,137.0,847.86,0.0,35.0,2.86,0.0,930.0,393.47,0.0,186.9000000000003,11.421325502592467
1996.0,92.0,841.22,0.0,46.0,3.23,0.0,945.0,417.56,0.0,219.44259212956385,14.063545656053623
1955.0,167.0,898.76,0.0,43.0,2.5,0.0,1008.0,443.9,0.0,152.80000000000013,14.926240343232767
2071.0,16.0,891.49,0.0,22.0,2.01,0.0,1106.0,446.6,0.0,183.0000000000004,16.869439965894493
1829.0,14.0,786.54,0.0,64.0,3.19,0.0,901.0,383.91,0.0,160.4748188416575,9.165617585252832
2164.0,50.0,901.04,0.0,61.0,3.45,0.0,1055.0,435.2,0.0,178.80000000000013,10.795939013682267
2068.0,25.0,888.47,0.0,86.0,3.72,0.0,994.0,426.05,0.0,187.10000000000034,11.62893365540055
1826.0,98.0,801.13,0.0,72.0,3.43,0.0,964.0,392.55,0.0,131.00000000000117,6.91700000000003
1946.0,144.0,871.04,0.0,54.0,4.47,0.0,1001.0,417.9,0.0,169.60000000000008,12.170302522073206
1850.0,76.0,759.49,0.0,53.0,2.76,0.0,978.0,379.13,0.0,137.00000000000017,7.948476117646813
2176.0,54.0,896.16,0.0,53.0,2.96,0.0,1140.0,445.56,0.0,139.4000000000002,11.89625995728053
1992.0,244.0,984.24,0.0,29.0,2.8,0.0,965.0,494.39,0.0,125.00000000000045,9.113977185197088
2035.0,48.0,834.44,0.0,62.0,3.68,0.0,1058.0,421.01,0.0,125.70891244940339,9.384039434307846
1862.0,114.0,879.53,0.0,120.0,5.28,0.0,983.0,445.8,0.0,155.4000000000006,6.2509623183034435
1861.0,32.0,964.57,0.0,50.0,2.47,0.0,960.0,477.28,0.0,166.3000000000001,12.793700679224424
1743.0,194.0,922.8,0.0,31.0,2.5,0.0,892.0,471.41,0.0,181.20000000000016,12.882597450422786
1938.0,150.0,971.09,0.0,37.0,3.47,0.0,1006.0,505.25,0.0,148.50000000000014,9.9162870509777
2296.0,201.0,937.96,0.0,59.0,2.94,51.0,1147.0,479.84,0.0,125.40000000000009,8.006909484651315
2367.0,118.0,885.84,0.0,47.0,2.33,16.0,1235.0,446.56,0.0,202.0,9.999073415200357
1838.0,115.0,833.25,0.0,50.0,2.77,0.0,901.0,420.34,0.0,139.70000000000138,7.588644237767584
1828.0,52.0,854.19,0.0,23.0,2.05,0.0,941.0,419.45,0.0,183.80000000000032,13.756213043305763
1607.0,50.0,827.14,0.0,38.0,2.3,0.0,919.0,432.25,0.0,96.00000000000011,5.358603760514682
2119.0,5.0,864.12,0.0,47.0,2.36,0.0,1028.0,420.49,0.0,152.00000000000003,15.324341629657884
1891.0,131.0,849.43,0.0,22.0,2.26,0.0,989.0,420.25,0.0,123.4,10.457184543979974
1794.0,34.0,885.56,0.0,67.0,1.83,32.0,875.0,446.38,0.0,143.70000000000022,15.225934602764317
2015.0,163.0,871.0,0.0,35.0,2.17,0.0,1051.0,429.84,0.0,161.90000000000018,10.413592359848591
2114.0,0.0,864.54,0.0,41.0,1.95,0.0,1022.0,423.93,0.0,180.20000000000022,14.476429504216515
1882.0,146.0,904.39,0.0,131.0,3.12,0.0,944.0,450.34,0.0,200.36853573664305,16.779108501923
1842.0,26.0,887.06,0.0,37.0,2.41,0.0,913.0,429.91,0.0,167.00000000000009,13.692050095222733
2014.0,46.0,862.34,0.0,37.0,2.39,0.0,1074.0,433.14,0.0,161.26342968352503,10.889371417941767
1755.0,80.0,796.46,0.0,34.0,2.09,0.0,837.0,390.71,0.0,185.80570141013177,13.84655743969231
2045.0,55.0,873.72,0.0,54.0,2.3,0.0,1037.0,427.47,0.0,118.72377221190924,10.031054752313251
2083.0,85.0,759.66,0.0,96.0,4.45,0.0,1005.0,371.01,0.0,156.00000000000017,5.604671373904958
2082.0,66.0,847.43,0.0,127.0,4.24,0.0,1001.0,409.19,0.0,167.00000000000034,9.545507435611636
1803.0,101.0,800.21,0.0,96.0,4.44,0.0,932.0,380.11,0.0,174.9000000000003,8.75393531335082
1944.0,64.0,767.39,0.0,36.0,3.71,0.0,897.0,368.45,0.0,109.07770771496249,8.010231400909815
1709.0,133.0,731.64,0.0,17.0,2.16,0.0,861.0,354.64,0.0,159.86034086854607,8.573782245389802
1589.0,148.0,755.11,0.0,24.0,2.45,0.0,853.0,375.18,0.0,190.70000000000041,10.577875170092788
1694.0,16.0,695.94,0.0,98.0,3.19,0.0,818.0,327.91,0.0,85.20000000000007,3.0780185998762577
1826.0,120.0,751.4,0.0,43.0,2.54,0.0,929.0,370.9,0.0,158.00000000000034,5.119904590209705
1879.0,0.0,721.78,0.0,14.0,1.47,0.0,922.0,354.02,0.0,148.76747090505017,6.622722079352124
2134.0,117.0,718.72,0.0,18.0,1.6,0.0,1037.0,350.44,0.0,124.2907654350326,3.1442771079223975
1907.0,110.0,738.61,0.0,34.0,2.61,0.0,985.0,366.43,0.0,136.5000000000004,5.637114062888347
2071.0,91.0,756.58,0.0,118.0,3.89,0.0,1027.0,373.09,0.0,116.00000000000065,5.930013314286257
1692.0,50.0,690.93,0.0,61.0,3.61,0.0,833.0,341.14,0.0,136.90000000000012,5.73730610279759
1985.0,246.0,854.95,0.0,26.0,2.21,0.0,905.0,415.14,0.0,108.60000000000002,3.8680000000000145
1783.0,102.0,794.3,0.0,36.0,3.19,0.0,998.0,390.6,0.0,149.03691495276337,7.942445251479524
1543.0,0.0,723.23,0.0,36.0,3.44,0.0,825.0,348.3,0.0,81.0,1.9065780242075778
1711.0,110.0,755.96,0.0,25.0,3.02,0.0,886.0,384.36,0.0,149.80000000000052,7.538398176978436
2037.0,0.0,768.9,0.0,125.0,3.72,0.0,1091.0,378.22,0.0,164.0,9.316178081133135
1509.0,50.0,766.74,0.0,56.0,2.44,0.0,877.0,373.19,0.0,179.00000000000026,7.694703331927514
1881.0,205.0,848.4,0.0,61.0,2.39,0.0,995.0,428.58,0.0,141.32219888579806,5.194925081587531
2143.0,171.0,794.9,0.0,74.0,2.9,0.0,1172.0,385.06,0.0,119.90000000000023,4.070044890379225
1604.0,105.0,778.26,0.0,65.0,3.48,0.0,813.0,391.64,0.0,94.54844818621214,3.504329826420762
1601.0,32.0,735.66,0.0,29.0,3.04,32.0,779.0,356.18,0.0,210.79516776961273,11.330812393687541
1633.0,0.0,775.71,0.0,139.0,2.97,0.0,862.0,383.1,0.0,149.0,7.6051632625117636
1911.0,80.0,762.96,0.0,46.0,2.35,0.0,937.0,380.1,0.0,172.60247285488913,8.363859717053439
1401.0,130.0,751.14,0.0,44.0,2.14,0.0,818.0,365.81,0.0,122.03298264207524,4.5413062939736415
1529.0,88.0,724.04,0.0,43.0,2.2,0.0,798.0,351.55,0.0,216.7820253636399,8.429287662905926
1590.0,80.0,675.78,0.0,67.0,2.88,0.0,821.0,332.88,0.0,184.3504997400131,5.687466516335467
1769.0,50.0,704.36,0.0,104.0,3.79,0.0,919.0,348.02,0.0,144.6000000000002,6.7891258535505905
1648.0,131.0,696.14,0.0,84.0,2.66,0.0,736.0,339.13,0.0,114.78695537602721,3.784722245052343
2014.0,64.0,765.18,0.0,47.0,2.47,0.0,939.0,382.88,0.0,186.11908251205475,7.198353170320389
1877.0,50.0,796.48,0.0,50.0,1.62,0.0,916.0,395.96,0.0,61.24571083734601,2.5376818527472618
1906.0,176.0,787.69,0.0,31.0,2.63,0.0,954.0,396.76,0.0,141.46932378270304,7.163271927310641
1838.0,198.0,763.03,0.0,70.0,2.45,0.0,980.0,375.28,0.0,103.70000000000059,2.4817846506116443
1826.0,124.0,727.37,0.0,24.0,1.31,48.0,963.0,362.17,0.0,101.5,4.225561612649123
1733.0,52.0,836.48,0.0,109.0,3.66,0.0,975.0,409.71,0.0,138.04033551112389,7.548336699828583
1936.0,18.0,794.17,0.0,17.0,1.47,0.0,1075.0,392.35,0.0,110.51111819197003,5.701781896890879
1576.0,100.0,786.16,0.0,37.0,3.15,0.0,892.0,389.67,0.0,124.50742849633004,5.836093362812449
1770.0,50.0,839.78,0.0,49.0,2.59,0.0,917.0,409.81,0.0,173.90000000000006,9.810547532153254
2218.0,92.0,769.35,0.0,22.0,1.86,9.0,1178.0,378.44,0.0,130.35906032623893,6.5291717377723275
1739.0,102.0,797.83,0.0,53.0,3.71,0.0,938.0,389.57,0.0,150.06835727110507,8.157877297767431
1962.0,174.0,873.41,0.0,36.0,1.86,0.0,912.0,423.21,0.0,198.90000000000086,9.543125397090796
1828.0,82.0,786.69,0.0,22.0,2.26,0.0,943.0,393.92,-0.5999999999999996,138.70000000000036,5.022265555969812
1893.0,100.0,754.77,0.0,64.0,4.22,0.0,843.0,364.03,0.0,173.3000000000002,5.376801838386598
1608.0,70.0,741.35,0.0,53.0,2.39,0.0,863.0,368.25,0.0,121.20000000000005,4.060227509668352
1888.0,80.0,778.68,0.0,110.0,3.58,0.0,1075.0,390.56,0.0,174.80000000000018,13.009665214269324
1818.0,78.0,805.38,0.0,74.0,2.88,0.0,856.0,391.18,0.0,81.93164995784636,5.985142831706915
1590.0,50.0,783.84,0.0,146.0,5.27,0.0,850.0,375.06,0.0,121.57453075348715,2.697423684390234
1893.0,100.0,718.35,0.0,64.0,3.43,0.0,836.0,339.12,0.0,114.40000000000015,7.032269952002714
1684.0,80.0,780.17,0.0,18.0,1.45,0.0,877.0,379.07,0.0,117.30000000000041,7.480184169262504
1811.0,50.0,719.37,0.0,59.0,2.24,0.0,937.0,355.05,0.0,167.0000000000001,8.841712515163065
1767.0,198.0,739.39,0.0,54.0,3.26,0.0,838.0,358.58,0.0,80.20000000000005,2.993780726894796
1547.0,93.0,697.86,0.0,17.0,1.46,0.0,837.0,339.81,0.0,92.20000000000005,1.7709999999999964
1516.0,113.0,728.57,0.0,42.0,1.88,0.0,843.0,359.48,0.0,138.6252503714546,7.580145967152083
1563.0,62.0,694.61,0.0,20.0,1.81,0.0,859.0,337.16,0.0,77.48447082586144,3.7739995688760524
1425.0,115.0,649.73,0.0,31.0,1.72,0.0,809.0,312.96,0.0,30.133337507316995,0.4813333750731699
1563.0,1.0,687.38,0.0,17.0,1.2,0.0,770.0,330.93,0.0,128.90000000000032,2.800786702882896
1948.0,66.0,663.38,0.0,44.0,2.37,0.0,1013.0,316.26,0.0,138.9155535354997,4.296974892544115
1783.0,158.0,667.96,0.0,25.0,2.3,0.0,872.0,321.98,0.0,109.2333381457331,2.3143333814573315
1733.0,82.0,700.17,0.0,34.0,2.38,0.0,1022.0,339.78,0.0,129.0,9.242380285981271
1616.0,101.0,727.41,0.0,17.0,1.48,0.0,907.0,359.26,0.0,98.49999999999997,3.560948402877514
1791.0,51.0,702.79,0.0,43.0,2.1,0.0,876.0,350.23,0.0,110.20000000000073,4.5543185621553555
1601.0,0.0,702.87,0.0,23.0,2.16,0.0,807.0,338.44,0.0,89.68413261302845,2.913841326130288
2140.0,150.0,703.09,0.0,17.0,1.27,0.0,1068.0,348.18,0.0,137.42548681678983,5.020093443209093
1861.0,50.0,730.18,0.0,42.0,2.26,0.0,979.0,353.73,0.0,140.0,7.081489167916137
1773.0,162.0,729.96,0.0,49.0,2.4,0.0,867.0,348.82,0.0,124.9,4.612250036565969
1700.0,100.0,744.64,0.0,41.0,3.42,0.0,831.0,359.88,0.0,109.05414460574073,3.11764895754573
1876.0,138.0,752.28,0.0,152.0,5.5,0.0,957.0,359.77,0.0,151.8,8.303340936809704
1912.0,66.0,686.25,0.0,43.0,3.87,0.0,931.0,343.54,0.0,116.82989446816308,3.24187482894375
1758.0,64.0,668.39,0.0,38.0,3.37,0.0,903.0,318.74,0.0,145.34301694295104,6.022860458851908
1791.0,60.0,630.32,0.0,55.0,6.34,0.0,947.0,304.34,0.0,123.28236540813685,3.016972116517386
1718.0,103.0,646.56,0.0,56.0,3.31,0.0,907.0,303.92,0.0,119.50000000000026,2.7037519774152923
1977.0,68.0,728.26,0.0,37.0,4.55,0.0,1032.0,348.38,0.0,127.66604790247683,9.64960238949359
1537.0,176.0,726.75,0.0,82.0,7.0,0.0,806.0,350.0,0.0,60.13198605156901,2.054275428386132
1675.0,13.0,748.44,0.0,184.0,7.39,0.0,899.0,362.69,0.0,71.6267466585773,1.314000838392547
2195.0,50.0,747.58,0.0,151.0,5.96,0.0,1079.0,360.57,0.0,112.2615819394457,5.93496641696178
2139.0,147.0,715.27,0.0,72.0,5.2,0.0,1045.0,352.67,0.0,159.00000000000014,9.210966933837051
1979.0,44.0,731.84,0.0,89.0,5.06,0.0,962.0,340.71,0.0,135.70000000000056,8.13715473455901
1971.0,66.0,733.16,0.0,79.0,5.22,0.0,998.0,346.58,0.0,151.77475822990417,5.213101286575851
1932.0,51.0,726.9,0.0,52.0,5.52,0.0,922.0,329.6,0.0,80.65685852098703,3.759282683484203
1891.0,96.0,713.73,0.0,31.0,2.82,0.0,982.0,348.12,0.0,88.50000000000031,6.120296094171423
1914.0,0.0,738.19,0.0,23.0,1.68,0.0,887.0,357.67,0.0,158.68817508265943,8.255842950707024
2046.0,87.0,775.91,0.0,28.0,2.29,0.0,997.0,374.28,0.0,199.776350165319,13.182234409446643
2077.0,134.0,741.95,0.0,37.0,3.17,0.0,989.0,364.94,0.0,94.20000000000016,6.6881598848298
1762.0,100.0,749.89,0.0,188.0,7.2,0.0,961.0,357.55,0.0,145.98957534563968,7.015104922014096
1846.0,32.0,818.99,0.0,52.0,5.22,0.0,882.0,392.41,0.0,160.3895753456396,10.455957958791021
1824.0,0.0,767.33,0.0,76.0,4.57,0.0,918.0,365.75,0.0,185.20091502801952,7.728879462781891
2151.0,0.0,723.35,0.0,35.0,3.66,0.0,1085.0,347.17,0.0,78.00000000000034,3.362406734272802
2057.0,96.0,795.71,0.0,42.0,3.49,0.0,990.0,373.54,0.0,169.71068778144706,8.558105150338925
2156.0,0.0,817.21,0.0,113.0,5.37,0.0,1185.0,376.44,0.0,181.30000000000004,9.672963975941865
1877.0,4.0,760.68,0.0,94.0,4.0,0.0,1092.0,362.8,0.0,161.9,10.527744092119148
1843.0,40.0,764.02,0.0,50.0,4.59,0.0,1024.0,365.2,0.0,135.90000000000114,12.883126038909925
1855.0,51.0,739.93,0.0,86.0,5.84,0.0,959.0,354.49,0.0,87.20000000000005,1.4178867250376732
2011.0,50.0,746.27,0.0,48.0,3.63,0.0,1000.0,355.63,0.0,139.0,8.82081946398173
1997.0,57.0,725.18,0.0,144.0,5.16,0.0,975.0,330.0,0.0,128.80000000000018,6.155403606518867
2067.0,16.0,736.01,0.0,74.0,4.25,0.0,1048.0,360.21,0.0,145.2684844803944,6.96687369184037
1845.0,50.0,812.47,0.0,32.0,4.0,0.0,914.0,385.42,0.0,151.20000000000016,12.638174168545891
1960.0,50.0,830.49,0.0,32.0,2.86,0.0,974.0,418.94,0.0,136.43105082660432,13.455633540191581
1775.0,50.0,787.02,0.0,78.0,4.04,0.0,853.0,374.64,0.0,115.49573075446725,5.925117181158795
1985.0,50.0,857.28,0.0,54.0,4.39,0.0,979.0,422.33,0.0,146.80191145189877,11.180015991516877
2032.0,106.0,804.46,0.0,55.0,3.24,0.0,1065.0,401.49,0.0,132.32381677343412,6.281149520607009
1940.0,100.0,792.67,0.0,98.0,4.3,0.0,994.0,384.63,0.0,198.82036131245417,16.120960084066144
2107.0,59.0,800.96,0.0,94.0,6.48,0.0,1005.0,385.21,0.0,130.57051396895835,4.556540243674349
1892.0,97.0,800.23,0.0,54.0,3.96,0.0,1021.0,380.58,0.0,114.50000000000003,10.212026983513141
1990.0,50.0,840.1,0.0,126.0,4.34,0.0,1061.0,418.43,0.0,147.95875757438296,5.9506602272659
1625.0,37.0,732.17,0.0,44.0,3.86,0.0,822.0,354.82,0.0,169.09279664698718,12.031962079244385
1511.0,0.0,679.2,0.0,102.0,4.42,0.0,754.0,325.59,0.0,81.03748454220104,3.6351471698773916
1849.0,50.0,768.0,0.0,110.0,4.69,0.0,889.0,367.48,0.0,84.95293221718359,2.7792017189857123
1725.0,91.0,768.75,0.0,58.0,3.31,0.0,930.0,377.83,0.0,112.1020333133116,4.030041487225046
1790.0,82.0,868.84,0.0,91.0,4.5,0.0,992.0,424.78,0.0,180.13761732428725,11.143640668062964
2042.0,102.0,805.9,0.0,68.0,4.11,0.0,1007.0,394.87,0.0,138.4641061861366,9.937505611941965
2091.0,100.0,899.96,0.0,174.0,6.25,0.0,995.0,445.05,0.0,190.83558915074624,15.530402424409877
1902.0,80.0,866.77,0.0,83.0,4.58,0.0,973.0,422.44,0.0,177.04294961504328,13.526831883590448
1790.0,156.0,869.1,0.0,64.0,3.34,0.0,956.0,426.65,0.0,171.35637501602463,5.175662733436984
1929.0,50.0,834.16,0.0,65.0,4.84,0.0,871.0,397.66,0.0,150.74457155731034,12.398428031217861
2019.0,98.0,831.49,0.0,29.0,3.28,0.0,966.0,387.39,0.0,123.47397416455921,11.26004478172124
1852.0,31.0,778.06,0.0,115.0,4.68,0.0,931.0,363.42,0.0,133.1102508914336,7.59263976934735
1961.0,50.0,800.21,0.0,107.0,5.36,0.0,1028.0,390.88,0.0,96.81892357580948,5.050111473941122
2031.0,100.0,814.01,0.0,47.0,3.64,0.0,1016.0,383.19,0.0,169.38435425037977,10.25081409770781
2092.0,100.0,858.73,0.0,49.0,4.71,0.0,1016.0,402.83,0.0,205.48682870023165,18.374522644569744
2060.0,50.0,758.58,0.0,55.0,3.84,0.0,984.0,353.8,0.0,125.17703938577677,8.341302760916289
1862.0,148.0,782.44,0.0,72.0,5.35,0.0,925.0,374.62,0.0,142.93546176166734,7.378332885697647
2233.0,82.0,812.98,0.0,54.0,3.63,0.0,1148.0,399.11,0.0,179.70000000000007,9.875433444009309
1999.0,125.0,868.15,0.0,71.0,3.52,0.0,947.0,421.97,0.0,177.34128652337898,9.355824377909213
1982.0,74.0,864.38,0.0,61.0,4.61,0.0,908.0,426.31,0.0,167.78625382147501,11.470280333866492
1954.0,93.0,917.15,0.0,76.0,5.47,0.0,980.0,437.42,0.0,143.4224149928933,14.737788192460362
1954.0,113.0,844.58,0.0,101.0,5.59,0.0,988.0,404.41,0.0,141.73696757456412,7.2326211490056425
1785.0,96.0,812.5,0.0,104.0,4.84,0.0,888.0,394.03,0.0,113.07990425171707,6.093906479226473
1770.0,150.0,843.59,0.0,36.0,3.19,0.0,899.0,406.69,0.0,157.72859150410062,10.43162807190316
1742.0,114.0,776.74,0.0,26.0,2.91,0.0,902.0,367.81,0.0,109.00000000000009,5.74831522569389
1755.0,196.0,827.29,0.0,61.0,3.84,0.0,812.0,381.64,0.0,146.6000000000006,10.712858542790894
1886.0,126.0,743.81,0.0,68.0,3.77,0.0,970.0,347.39,0.0,161.53406592578563,8.14377124639962
1977.0,100.0,779.92,0.0,138.0,4.7,0.0,968.0,365.08,0.0,139.60117335335536,9.758660378579162
1745.0,0.0,739.78,0.0,67.0,4.85,0.0,824.0,340.88,0.0,130.68626372825935,5.178363251066562
1946.0,100.0,786.31,0.0,37.0,3.55,0.0,924.0,371.41,0.0,140.10000000000073,10.912232681042966
1891.0,95.0,803.66,0.0,58.0,3.32,0.0,887.0,373.28,0.0,137.9498204719692,7.304059643709378
1634.0,50.0,710.93,0.0,40.0,3.06,0.0,861.0,327.92,0.0,152.37063300325516,5.781097492734597
1764.0,50.0,775.47,0.0,30.0,2.6,0.0,834.0,353.73,0.0,138.68508313462416,8.157643021612978
1808.0,100.0,836.74,0.0,50.0,3.68,0.0,901.0,394.16,0.0,149.08786301449206,12.253830771193039
1935.0,50.0,850.75,0.0,118.0,3.04,0.0,975.0,406.35,0.0,174.77677964895304,10.809296731594777
2049.0,24.0,847.9,0.0,28.0,2.55,0.0,1013.0,405.59,0.0,146.30473284194005,10.238028782108485
1965.0,50.0,855.62,0.0,59.0,3.82,0.0,1006.0,403.09,0.0,178.30263687927112,8.79764160926774
1911.0,72.0,755.78,0.0,38.0,2.28,0.0,858.0,362.43,0.0,133.00996283755424,8.368369633916542
1806.0,105.0,735.23,0.0,40.0,4.18,0.0,841.0,350.66,0.0,147.0,5.472495567270474
2027.0,162.0,795.42,0.0,37.0,3.05,0.0,973.0,356.87,0.0,147.37298999084925,7.985208668504286
1695.0,71.0,744.48,0.0,64.0,4.23,0.0,885.0,359.24,0.0,191.30000000000007,10.452272300456208
2061.0,100.0,826.08,0.0,44.0,3.24,0.0,1074.0,395.38,0.0,163.86380715515872,7.97700674181394
1785.0,165.0,855.75,0.0,37.0,3.29,0.0,967.0,416.1,0.0,156.90000000000018,13.997422370622747
1762.0,56.0,821.51,0.0,34.0,2.9,0.0,966.0,402.93,0.0,139.0315686788411,9.809693432804785
1912.0,36.0,877.54,0.0,32.0,2.72,0.0,1036.0,423.87,0.0,150.23021627229127,8.938761712254426
2074.0,27.0,872.01,0.0,68.0,3.26,0.0,1043.0,425.99,0.0,158.2000000000001,11.143320993617259
1682.0,100.0,789.86,0.0,116.0,3.91,0.0,909.0,379.87,0.0,200.40000000000023,11.885740143220485
1841.0,96.0,857.27,0.0,68.0,4.26,0.0,880.0,425.17,0.0,107.70000000000002,7.776688885039319
1947.0,144.0,823.83,0.0,52.0,3.94,0.0,967.0,399.65,0.0,201.3585729618242,11.493441009852972
1905.0,63.0,830.76,0.0,74.0,4.34,0.0,971.0,395.75,0.0,137.9217549238312,13.480234764955679
1661.0,50.0,811.79,0.0,37.0,3.62,0.0,817.0,403.17,0.0,180.25003552192214,10.15351921098627
2043.0,173.0,828.37,0.0,50.0,3.02,0.0,1041.0,396.01,0.0,183.90000000000015,13.163861973013484
1989.0,108.0,874.01,0.0,29.0,2.54,0.0,1019.0,424.47,0.0,183.10000000000005,11.513020102760006
1876.0,49.0,803.81,0.0,80.0,3.51,0.0,920.0,410.91,0.0,153.97309570564042,8.650994102493492
1877.0,130.0,824.44,0.0,55.0,3.17,0.0,922.0,403.17,0.0,116.70000000000007,9.13109940348433
1830.0,0.0,835.57,0.0,52.0,3.05,0.0,969.0,418.51,0.0,143.4766263669987,6.53972305728048
2074.0,186.0,911.1,0.0,58.0,3.76,0.0,1020.0,447.09,0.0,144.3285670934168,9.256461387432635
1910.0,268.0,956.08,0.0,25.0,2.42,0.0,1005.0,469.19,0.0,125.70000000000002,9.165936993641877
1947.0,87.0,983.54,0.0,64.0,4.12,0.0,987.0,475.55,0.0,173.35218116294604,24.5207094702521
1922.0,265.0,986.78,0.0,41.0,3.01,0.0,1024.0,486.98,0.0,130.42318984591094,11.570192339721581
2288.0,66.0,1001.39,0.0,91.0,3.32,0.0,1174.0,492.47,0.0,182.60000000000002,20.756733241222502
2057.0,138.0,964.55,0.0,50.0,2.95,0.0,1071.0,481.89,0.0,185.0,15.494290169406018
2082.0,124.0,1005.48,0.0,40.0,2.29,22.0,1083.0,509.73,0.0,152.4000000000002,15.873515806267877
2104.0,188.0,1024.16,0.0,29.0,2.34,32.0,1032.0,526.32,0.0,167.50000000000026,13.049203057278875
2017.0,54.0,977.15,0.0,34.0,2.21,0.0,1041.0,500.46,0.0,181.30000000000004,10.457250289651977
1982.0,0.0,948.08,0.0,40.0,3.12,0.0,1007.0,484.74,0.0,143.00000000000028,6.623040563163955
2045.0,100.0,958.67,0.0,24.0,1.93,0.0,983.0,483.96,0.0,155.9,12.47895936865295
2134.0,120.0,947.04,0.0,47.0,3.37,0.0,1077.0,486.32,0.0,153.15685151620517,8.944675105097803
1906.0,143.0,969.52,0.0,53.0,3.35,0.0,1026.0,498.78,0.0,105.60000000000036,9.99361258388109
2006.0,100.0,911.73,0.0,32.0,3.39,0.0,1071.0,467.7,0.0,209.20000000000044,12.912710288753821
2123.0,130.0,940.95,0.0,31.0,2.91,0.0,1149.0,476.14,0.0,172.63921283957774,9.336941372492586
2073.0,69.0,990.24,0.0,26.0,3.71,12.0,1088.0,500.13,0.0,146.9,13.50433883592681
1796.0,150.0,940.97,0.0,55.0,2.92,43.0,1013.0,475.95,0.0,136.80000000000013,11.785277845240888
1960.0,214.0,901.76,0.0,70.0,3.81,0.0,1013.0,445.66,0.0,125.33396866671507,5.254987853695313
2129.0,114.0,920.5,0.0,34.0,2.86,16.0,1076.0,456.27,0.0,132.40000000000026,10.475577829452035
1795.0,80.0,869.07,0.0,25.0,2.37,16.0,957.0,438.28,0.0,151.40000000000026,9.346129011091593
1967.0,0.0,893.89,0.0,59.0,2.66,0.0,929.0,446.3,0.0,121.30000000000024,11.611175645145433
1948.0,114.0,949.49,0.0,19.0,2.93,0.0,1099.0,468.6,0.0,172.10000000000068,13.323238857123817
2214.0,32.0,830.47,0.0,60.0,3.15,0.0,1120.0,410.06,0.0,154.50000000000017,8.571107004221608
2007.0,196.0,934.47,0.0,56.0,3.14,0.0,1023.0,470.1,0.0,113.20000000000107,11.26860084953152
2112.0,50.0,928.98,0.0,32.0,2.41,0.0,1044.0,460.48,0.0,174.90000000000063,19.304825963085566
1853.0,164.0,926.63,0.0,26.0,2.6,0.0,969.0,468.58,0.0,226.0,13.427209616364156
2040.0,76.0,889.57,0.0,70.0,3.86,0.0,984.0,438.91,0.0,163.20000000000027,8.333535670934182
1979.0,100.0,908.34,0.0,53.0,3.66,0.0,1029.0,458.83,0.0,165.60000000000025,6.263942986978941
2111.0,50.0,827.42,0.0,66.0,3.81,0.0,1037.0,418.95,0.0,97.60000000000012,4.804806832482841
2286.0,50.0,920.7,0.0,60.0,2.74,0.0,1158.0,456.08,0.0,148.00000000000014,12.52891349729152
2195.0,101.0,882.38,0.0,44.0,3.42,0.0,1090.0,434.29,0.0,143.47735185396877,15.332004245618238
1936.0,139.0,848.97,0.0,24.0,2.74,0.0,913.0,419.11,0.0,120.23105639298304,8.926100157726419
2227.0,50.0,857.34,0.0,52.0,3.44,0.0,1098.0,417.03,0.0,152.40000000000043,4.645257743725145
1983.0,22.0,838.64,0.0,76.0,2.62,0.0,927.0,416.73,0.0,130.2000000000001,10.844098815258814
1965.0,112.0,863.79,0.0,72.0,4.29,0.0,1086.0,440.51,0.0,119.80000000000007,8.266489978126508
2050.0,50.0,902.0,0.0,44.0,2.39,0.0,1063.0,469.02,0.0,123.10000000000016,5.198000000000016
2025.0,164.0,879.18,0.0,29.0,2.19,16.0,956.0,445.24,0.0,179.0,12.125541525464712
2377.0,117.0,877.3,0.0,40.0,2.17,0.0,1290.0,448.66,0.0,168.1000000000004,5.7449589384556585
1835.0,133.0,839.75,0.0,44.0,3.18,0.0,869.0,431.29,0.0,101.3000000000003,4.816862122993257
1911.0,32.0,784.3,0.0,52.0,1.95,0.0,963.0,395.82,0.0,96.70000000000095,6.17557967486116
2089.0,96.0,851.44,0.0,46.0,3.04,0.0,1013.0,419.59,0.0,128.8,9.546146088285445
2191.0,66.0,866.73,0.0,92.0,3.46,0.0,1108.0,423.22,0.0,184.70000000000041,14.489306800220593
2051.0,62.0,870.32,0.0,56.0,3.7,0.0,1051.0,440.75,0.0,134.4000000000001,15.12328020489472
2153.0,137.0,869.79,0.0,48.0,2.6,0.0,1063.0,445.06,0.0,118.90000000000063,6.888082826458461
1976.0,88.0,867.08,0.0,73.0,2.71,0.0,979.0,420.34,0.0,146.20000000000027,13.206715479962181
2130.0,48.0,915.65,0.0,83.0,4.94,0.0,1060.0,441.74,0.0,195.00000000000006,9.32728367304472
1998.0,80.0,873.24,0.0,46.0,2.77,16.0,954.0,431.48,0.0,115.70000000000016,6.256512198685995
2107.0,121.0,820.37,0.0,73.0,3.57,16.0,1040.0,400.29,0.0,243.50000000000003,10.874160433442789
2005.0,128.0,918.03,0.0,148.0,4.63,0.0,938.0,462.09,0.0,97.10000000000022,10.37522846559163
1991.0,132.0,912.65,0.0,47.0,3.39,32.0,952.0,451.4,0.0,167.50000000000037,13.319551978675667
2046.0,108.0,920.94,0.0,46.0,3.98,0.0,1068.0,449.96,0.0,187.80000000000013,15.612964963287473
1947.0,189.0,914.73,0.0,56.0,3.49,0.0,962.0,457.53,0.0,193.733466872726,8.595609704948314
1940.0,52.0,909.44,0.0,148.0,7.1,0.0,1033.0,439.76,0.0,154.4000000000003,8.789201449453499
1779.0,51.0,848.76,0.0,38.0,2.35,0.0,897.0,416.92,0.0,94.00000000000034,7.677349477590422
2020.0,50.0,915.51,0.0,43.0,3.24,0.0,950.0,436.84,0.0,166.28951104342548,16.48605420358386
1809.0,154.0,877.31,0.0,53.0,3.45,0.0,960.0,423.95,0.0,154.9014808863134,6.800004790869013
2040.0,104.0,936.83,0.0,55.0,3.23,0.0,1019.0,443.52,0.0,142.90000000000012,16.076239535190695
1929.0,50.0,868.08,0.0,118.0,3.9,0.0,924.0,417.73,0.0,134.20000000000044,6.762482779391701
1611.0,50.0,813.84,0.0,60.0,3.58,0.0,853.0,393.65,0.0,140.70000000000007,8.81254221797724
1877.0,73.0,815.29,0.0,49.0,3.98,0.0,891.0,402.25,0.0,190.5000000000002,10.692097369857745
2040.0,32.0,851.53,0.0,68.0,4.81,0.0,1003.0,426.38,0.0,146.10000000000008,8.366867302246215
1970.0,50.0,843.03,0.0,17.0,2.56,0.0,1031.0,425.14,0.0,156.00000000000043,12.401256940137523
2119.0,100.0,853.29,0.0,80.0,4.62,0.0,1048.0,413.48,0.0,155.80000000000007,17.617454536860194
2299.0,168.0,827.54,0.0,25.0,3.36,0.0,1190.0,411.06,0.0,196.46182571212267,9.530335641219992
1781.0,16.0,858.94,0.0,36.0,2.74,0.0,872.0,421.22,0.0,151.70000000000013,8.539402917089333
2022.0,98.0,861.5,0.0,50.0,4.12,0.0,1114.0,419.97,0.0,213.30000000000004,16.30975383932321
2029.0,167.0,845.63,0.0,25.0,2.85,0.0,953.0,406.83,0.0,152.00000000000023,9.082405984399427
2030.0,114.0,885.41,0.0,64.0,3.49,0.0,1081.0,416.16,0.0,134.84321819696058,10.359285407322965
1940.0,67.0,792.54,0.0,56.0,4.44,0.0,997.0,386.08,0.0,124.40000000000029,7.495259807499415
1904.0,98.0,819.22,0.0,160.0,4.86,0.0,1007.0,389.09,0.0,177.00000000000017,6.79731892710374
1652.0,50.0,854.29,0.0,72.0,3.28,0.0,915.0,407.87,0.0,188.3000000000001,6.171564049153509
1956.0,68.0,815.81,0.0,60.0,3.71,0.0,1047.0,404.4,0.0,107.36182571212261,5.325600820863217
1942.0,16.0,799.81,0.0,37.0,2.64,0.0,922.0,391.61,0.0,78.80000000000072,3.9149580171849085
2083.0,48.0,804.69,0.0,55.0,3.3,0.0,999.0,387.99,0.0,122.2000000000005,10.284883731523875
2050.0,32.0,817.51,0.0,40.0,3.91,0.0,1038.0,382.71,0.0,151.0966219858472,9.143886172217737
1769.0,170.0,783.31,0.0,79.0,4.03,0.0,995.0,374.92,0.0,124.85150786702036,10.441411546125126
1881.0,155.0,782.3,0.0,71.0,3.79,0.0,900.0,352.93,0.0,142.30000000000052,6.728606155855405
1801.0,2.0,760.74,0.0,50.0,2.09,0.0,877.0,344.64,0.0,115.80000000000092,4.796912826410776
1716.0,146.0,711.14,0.0,30.0,3.57,0.0,863.0,333.61,0.0,114.65931534106173,3.270890837721563
1862.0,50.0,755.29,0.0,61.0,3.97,0.0,954.0,354.97,0.0,154.10000000000022,6.365279341469684
1802.0,45.0,822.76,0.0,67.0,4.83,0.0,927.0,394.64,0.0,160.50000000000009,9.222882642044164
1875.0,105.0,797.54,0.0,60.0,4.15,0.0,1083.0,372.94,0.0,133.10000000000028,8.407487173321238
1788.0,92.0,796.41,0.0,61.0,3.74,0.0,889.0,383.29,0.0,143.7000000000001,9.935186306821256
2041.0,4.0,800.08,0.0,170.0,3.88,0.0,956.0,388.53,0.0,159.0,5.308794731808004
2168.0,74.0,749.14,0.0,83.0,3.37,0.0,1065.0,353.68,0.0,164.6000000000002,7.628918803004909
1900.0,64.0,737.25,0.0,43.0,4.59,0.0,874.0,338.8,0.0,106.6128753781615,5.718399542465484
1824.0,105.0,804.32,0.0,110.0,5.04,0.0,884.0,383.02,0.0,122.8000000000003,8.641249434942884
1773.0,117.0,754.56,0.0,25.0,2.74,0.0,977.0,365.65,0.0,183.10000000000022,8.285780571663226
1981.0,67.0,760.43,0.0,30.0,2.51,0.0,936.0,364.03,0.0,95.9,5.858356203612955
1962.0,104.0,878.61,0.0,55.0,3.97,0.0,970.0,440.37,0.0,117.0000000000004,11.97545964251393
2028.0,60.0,919.81,0.0,38.0,3.76,0.0,988.0,448.53,0.0,178.5000000000002,12.188303642196942
2042.0,100.0,841.7,0.0,31.0,2.46,0.0,949.0,404.75,0.0,109.80000000000013,4.498553577340153
1656.0,100.0,792.47,0.0,41.0,3.1,0.0,841.0,393.88,0.0,200.35967914089068,8.849363578005244
2112.0,114.0,871.6,0.0,34.0,3.72,0.0,1059.0,422.95,0.0,175.80000000000018,10.951168465046942
2005.0,50.0,843.15,0.0,28.0,3.15,0.0,973.0,413.39,0.0,141.20000000000005,8.974487291627884
1918.0,80.0,822.11,0.0,31.0,3.1,0.0,902.0,401.08,0.0,191.2320316010332,8.092105010008675
2083.0,50.0,846.01,0.0,30.0,2.99,0.0,1021.0,418.32,0.0,180.50000000000014,8.70300000000003
2102.0,105.0,878.12,0.0,37.0,3.6,0.0,1048.0,415.49,0.0,181.80000000000018,9.879050299421635
2159.0,124.0,916.2,0.0,48.0,3.53,0.0,1041.0,446.85,0.0,166.10000000000022,12.708491602888351
1956.0,155.0,907.48,0.0,23.0,2.92,0.0,982.0,436.27,0.0,111.90000000000074,10.506318057748395
1857.0,75.0,865.91,0.0,77.0,5.7,0.0,838.0,421.41,0.0,135.32976843109432,10.823218266976735
2045.0,74.0,883.85,0.0,41.0,3.52,0.0,1111.0,432.29,0.0,178.30000000000035,12.19300000000003
1858.0,180.0,781.97,0.0,36.0,3.5,0.0,974.0,379.59,0.0,93.10000000000016,6.7144621517069325
1868.0,124.0,780.02,0.0,40.0,2.98,0.0,844.0,368.99,0.0,143.40000000000015,10.979665565548851
1815.0,50.0,752.0,0.0,92.0,5.61,0.0,975.0,370.88,0.0,165.2000000000007,10.146589206480884
2053.0,84.0,790.87,0.0,46.0,3.79,0.0,968.0,368.86,0.0,139.6822272961523,10.27432585963594
1869.0,164.0,867.72,0.0,42.0,5.08,14.0,963.0,426.23,0.0,140.20000000000002,8.827892422390347
2007.0,82.0,860.97,0.0,61.0,4.61,0.0,969.0,422.3,0.0,141.8,10.578955137965286
1870.0,82.0,816.41,0.0,17.0,2.72,0.0,902.0,383.92,0.0,135.00000000000034,5.848755138965555
1938.0,164.0,895.19,0.0,64.0,4.3,0.0,984.0,421.28,0.0,148.0000000000005,10.731187495180167
1998.0,48.0,827.7,0.0,42.0,4.68,0.0,965.0,399.22,0.0,147.70000000000027,10.994584648365493
1901.0,142.0,847.36,0.0,30.0,3.65,0.0,942.0,419.63,0.0,182.1000000000001,9.44900000000002
2070.0,64.0,898.59,0.0,53.0,3.83,0.0,959.0,434.67,0.0,226.70000000000007,13.351566313359843
2103.0,98.0,867.18,0.0,37.0,5.03,0.0,1015.0,410.15,0.0,101.30000000000027,10.468031818516527
2051.0,56.0,938.57,0.0,40.0,4.96,0.0,1003.0,461.41,0.0,97.20000000000067,9.403530528421447
1966.0,102.0,869.04,0.0,46.0,3.96,0.0,957.0,432.56,0.0,127.90000000000097,10.574116496700315
1824.0,148.0,888.97,0.0,34.0,3.7,0.0,952.0,418.37,0.0,144.90000000000074,8.827171326541256
2098.0,1.0,955.34,0.0,37.0,3.92,0.0,992.0,464.75,0.0,128.6689170623942,10.834952150028935
1985.0,143.0,918.21,0.0,74.0,5.1,0.0,1042.0,436.86,0.0,117.00000000000026,10.010955083304712
2049.0,0.0,936.61,0.0,41.0,5.42,0.0,967.0,443.63,0.0,215.3000000000001,15.428644880577176
2048.0,116.0,946.44,0.0,84.0,6.15,0.0,1045.0,455.22,0.0,135.8,12.860052752891105
1975.0,56.0,946.98,0.0,59.0,6.59,0.0,929.0,440.33,0.0,160.60000000000025,9.140743824733823
2022.0,100.0,996.06,0.0,41.0,5.27,0.0,1032.0,489.05,0.0,143.1062594493995,13.608888380612857
1938.0,100.0,1003.57,0.0,144.0,6.32,48.0,969.0,488.64,0.0,155.50000000000017,11.563100263226556
1925.0,0.0,943.85,0.0,80.0,4.62,0.0,920.0,449.29,0.0,141.40000000000015,14.279916042277229
1853.0,16.0,868.88,0.0,31.0,4.15,0.0,978.0,421.89,0.0,164.3000000000001,10.483273691632602
1982.0,74.0,881.69,0.0,80.0,6.26,0.0,1012.0,429.83,0.0,204.60000000000016,13.390725958222715
1840.0,40.0,886.2,0.0,43.0,4.07,0.0,842.0,422.81,0.0,162.80000000000018,12.52502790461761
2086.0,68.0,922.76,0.0,68.0,5.29,0.0,1020.0,430.71,0.0,152.30000000000018,18.222962188367177
2024.0,2.0,852.96,0.0,59.0,4.98,0.0,994.0,410.0,0.0,170.9690213627924,11.824567393949721
2065.0,64.0,926.41,0.0,71.0,5.96,0.0,1091.0,449.89,0.0,123.40000000000038,8.397067213093633
2020.0,82.0,890.46,0.0,133.0,8.42,0.0,948.0,419.65,0.0,118.60000000000008,9.621551488089368
1910.0,149.0,924.74,0.0,92.0,5.59,0.0,941.0,442.99,0.0,191.70000000000007,13.136279512027505
1947.0,56.0,946.42,0.0,53.0,4.38,0.0,995.0,460.99,0.0,163.10000000000002,12.438109307865032
1970.0,56.0,938.1,0.0,91.0,5.94,0.0,1052.0,456.97,0.0,125.0,10.709577550036938
1777.0,166.0,922.76,0.0,38.0,3.94,0.0,868.0,445.01,0.0,174.60000000000053,13.907838797311832
1945.0,192.0,997.15,0.0,42.0,4.79,0.0,898.0,469.47,0.0,163.3000000000006,11.646336224044118
1944.0,102.0,925.36,0.0,82.0,4.95,0.0,989.0,446.69,0.0,163.40000000000026,16.02113153971374
2149.0,152.0,843.4,0.0,74.0,6.25,0.0,1075.0,399.16,0.0,107.6078089256008,11.216383777922012
2188.0,71.0,920.49,0.0,152.0,7.93,0.0,1111.0,436.68,0.0,185.0000000000001,9.655108975735589
2004.0,121.0,921.49,0.0,102.0,7.06,0.0,1059.0,443.98,0.0,159.5000000000001,11.362141479216705
1874.0,80.0,881.34,0.0,125.0,6.06,0.0,939.0,419.39,0.0,146.00000000000063,13.117993246682003
2010.0,159.0,976.89,0.0,118.0,8.83,0.0,1021.0,466.75,0.0,149.5577582546698,13.136123807427396
2120.0,155.0,940.75,0.0,49.0,6.2,0.0,1024.0,459.21,0.0,115.0,14.158516747514332
2132.0,50.0,1058.5,0.0,73.0,5.36,0.0,1130.0,516.68,0.0,147.9000000000004,16.798477845603117
2052.0,150.0,1003.54,0.0,41.0,5.53,0.0,1035.0,494.64,0.0,169.0000000000003,14.602017373935263
2066.0,96.0,1005.41,0.0,82.0,6.68,0.0,1134.0,491.05,0.0,131.90000000000003,13.173252490394127
2164.0,108.0,1057.25,0.0,96.0,6.27,0.0,1166.0,519.79,0.0,136.10000000000036,12.37725118806356
1869.0,146.0,1007.88,0.0,73.0,5.23,0.0,913.0,487.36,0.0,150.00000000000028,12.739250144291002
