68.0,0.0,15.5,0.0,2.0,0.18,0.0,68.0,11.72,0.0,9.084752479556078,0.19177659173702163
204.0,0.0,20.16,0.0,2.0,0.28,0.0,144.0,17.48,0.0,102.70000000000002,2.7740000000000293
180.0,0.0,29.52,0.0,2.0,0.22,0.0,103.0,24.72,0.0,83.30000000000018,2.5467988800362864
144.0,0.0,13.76,0.0,4.0,0.32,0.0,144.0,13.44,0.0,0.0,0.0
222.0,0.0,31.02,0.0,1.0,0.08,0.0,143.0,26.16,0.0,87.40000000000002,3.2680000000000042
341.0,0.0,44.52,0.0,1.0,0.08,0.0,184.0,31.82,0.0,121.40000000000015,5.4612557102873645
260.0,0.0,38.58,0.0,1.0,0.02,0.0,180.0,31.4,0.0,62.60000000000001,2.6143722846296362
344.0,0.0,41.32,0.0,1.0,0.04,0.0,187.0,33.56,0.0,76.40000000000009,1.5280000000000018
335.0,0.0,48.2,0.0,2.0,0.12,0.0,180.0,40.3,0.0,51.0,2.002000000000007
219.0,0.0,42.98,0.0,1.0,0.02,0.0,177.0,35.54,0.0,106.0,4.354215865208882
228.0,0.0,47.28,0.0,2.0,0.1,0.0,142.0,35.56,0.0,51.40623144072306,2.1561246288144624
239.0,0.0,56.48,0.0,1.0,0.02,0.0,160.0,46.04,0.0,58.50000000000003,2.1360000000000023
205.0,0.0,48.74,0.0,1.0,0.04,0.0,144.0,36.84,0.0,76.30000000000013,2.8200000000000323
351.0,0.0,57.9,0.0,1.0,0.14,0.0,193.0,42.32,0.0,104.80000000000024,5.953863317700959
353.0,0.0,79.52,0.0,1.0,0.02,0.0,194.0,56.44,0.0,90.70000000000002,9.10000000000005
314.0,0.0,87.58,0.0,1.0,0.1,0.0,162.0,58.68,0.0,94.20000000000016,8.676000000000071
359.0,0.0,65.34,0.0,2.0,0.1,0.0,199.0,47.8,0.0,90.70000000000013,5.000000000000068
293.0,0.0,85.66,0.0,2.0,0.06,0.0,158.0,57.94,0.0,116.80000000000024,10.356000000000053
325.0,0.0,95.08,0.0,1.0,0.12,0.0,171.0,63.28,0.0,105.50000000000003,14.757905481192484
310.0,0.0,87.1,0.0,4.0,0.14,0.0,170.0,61.5,0.0,101.00000000000074,7.025350286370902
354.0,0.0,103.4,0.0,2.0,0.06,0.0,195.0,66.08,0.0,105.00000000000063,11.372144205353516
350.0,0.0,114.38,0.0,2.0,0.12,0.0,192.0,76.2,0.0,87.90000000000097,11.514000000000053
242.0,0.0,84.7,0.0,2.0,0.12,0.0,165.0,58.04,0.0,78.00000000000048,8.591011633349664
327.0,0.0,115.44,0.0,2.0,0.14,0.0,173.0,74.52,0.0,138.4,17.6558926584229
331.0,0.0,94.26,0.0,4.0,0.16,0.0,176.0,66.74,0.0,78.10000000000034,6.346000000000104
305.0,0.0,107.28,0.0,1.0,0.04,0.0,173.0,70.16,0.0,93.9,11.426984956101476
350.0,0.0,121.84,0.0,1.0,0.08,0.0,211.0,83.62,0.0,89.50000000000051,12.19769711499861
380.0,0.0,140.06,0.0,1.0,0.08,0.0,215.0,89.66,0.0,81.80000000000018,15.502868945194825
352.0,0.0,117.02,0.0,1.0,0.1,0.0,193.0,79.82,0.0,95.00000000000006,12.128493665828216
359.0,0.0,131.68,0.0,1.0,0.04,0.0,199.0,89.02,0.0,96.9,14.260000000000042
320.0,0.0,122.96,0.0,2.0,0.14,0.0,180.0,81.12,0.0,106.80000000000064,15.48001031863048
342.0,0.0,107.92,0.0,2.0,0.22,0.0,185.0,74.76,0.0,86.90000000000074,11.13678458137145
345.0,0.0,103.5,0.0,2.0,0.12,0.0,188.0,71.14,0.0,118.4000000000002,13.030000000000062
337.0,0.0,107.3,0.0,6.0,0.2,0.0,181.0,72.66,0.0,101.70000000000024,8.810000000000032
251.0,0.0,91.32,0.0,5.0,0.24,0.0,172.0,66.18,0.0,107.40000000000026,4.07800000000001
335.0,0.0,105.64,0.0,4.0,0.2,0.0,179.0,68.98,0.0,119.00000000000028,10.782258999577545
340.0,0.0,101.56,0.0,2.0,0.1,0.0,182.0,67.0,0.0,113.10000000000045,13.91537571592721
351.0,0.0,121.44,0.0,2.0,0.22,0.0,193.0,79.32,0.0,122.7000000000003,13.808824158078533
306.0,0.0,100.92,0.0,4.0,0.2,0.0,170.0,70.54,0.0,108.6000000000002,11.462000000000062
345.0,0.0,100.9,0.0,1.0,0.14,0.0,188.0,62.78,0.0,119.70000000000007,12.434000000000104
333.0,0.0,112.52,0.0,2.0,0.16,0.0,178.0,73.46,0.0,96.70000000000033,13.264688619201628
353.0,0.0,103.92,0.0,11.0,0.26,0.0,200.0,69.6,0.0,112.0,16.29617349984713
358.0,0.0,117.62,0.0,1.0,0.06,0.0,199.0,78.04,0.0,120.40000000000026,21.828273801240574
356.0,0.0,120.24,0.0,6.0,0.16,0.0,196.0,76.48,0.0,125.40000000000009,18.436000000000117
354.0,0.0,123.66,0.0,2.0,0.14,0.0,195.0,78.52,0.0,141.4,15.135528368025073
364.0,0.0,121.32,0.0,2.0,0.14,0.0,203.0,78.42,0.0,122.50000000000026,11.520434789104618
328.0,0.0,126.1,0.0,2.0,0.16,0.0,179.0,83.6,0.0,110.10000000000062,10.778606567152734
336.0,0.0,109.36,0.0,8.0,0.26,0.0,180.0,70.9,0.0,109.0,15.036000000000056
329.0,0.0,100.4,0.0,8.0,0.22,0.0,174.0,65.3,0.0,114.30000000000004,9.427092971245992
327.0,0.0,105.54,0.0,2.0,0.16,0.0,173.0,70.86,0.0,45.30000000000027,5.612524308576301
365.0,0.0,155.1,0.0,2.0,0.14,0.0,203.0,98.82,0.0,127.0,25.642000000000063
353.0,0.0,101.94,0.0,5.0,0.22,0.0,194.0,70.14,0.0,101.3000000000001,11.589254234221064
339.0,0.0,94.2,0.0,2.0,0.16,0.0,196.0,64.42,0.0,90.70000000000053,10.014000000000056
326.0,0.0,92.96,0.0,2.0,0.16,0.0,172.0,64.42,0.0,71.9000000000016,6.8600000000001
369.0,0.0,128.06,0.0,76.0,1.74,0.0,207.0,77.64,0.0,118.40000000000046,10.274000000000076
364.0,0.0,125.12,0.0,4.0,0.14,0.0,204.0,76.4,0.0,87.20000000000005,10.714000000000102
329.0,0.0,102.0,0.0,2.0,0.14,0.0,174.0,70.0,0.0,70.60000000000025,6.210000000000084
339.0,0.0,108.18,0.0,2.0,0.16,0.0,191.0,68.94,0.0,125.80000000000024,15.89600000000014
356.0,0.0,122.8,0.0,2.0,0.16,0.0,194.0,77.22,0.0,86.30000000000057,12.222000000000094
346.0,0.0,117.82,0.0,2.0,0.1,0.0,188.0,75.6,0.0,116.90000000000006,16.537250648382283
327.0,0.0,108.42,0.0,2.0,0.18,0.0,185.0,75.38,0.0,76.90000000000052,13.32000000000009
370.0,0.0,122.96,0.0,1.0,0.08,0.0,208.0,77.4,0.0,79.60000000000035,15.096000000000165
336.0,0.0,128.62,0.0,2.0,0.1,0.0,180.0,78.96,0.0,128.8000000000004,16.82400000000013
345.0,0.0,76.8,0.0,2.0,0.14,0.0,206.0,50.5,0.0,97.00000000000017,10.420000000000087
300.0,0.0,92.0,0.0,6.0,0.2,0.0,168.0,63.2,0.0,68.90000000000177,6.432000000000105
345.0,0.0,140.24,0.0,1.0,0.16,0.0,188.0,87.54,0.0,112.10000000000016,15.875726754332835
345.0,0.0,106.96,0.0,5.0,0.2,0.0,188.0,66.16,0.0,103.3000000000001,11.276000000000032
363.0,0.0,130.7,0.0,2.0,0.12,0.0,203.0,86.4,0.0,101.60000000000025,12.316941530033828
387.0,0.0,130.66,0.0,2.0,0.14,0.0,223.0,87.78,0.0,124.0,17.814000000000064
365.0,0.0,134.96,0.0,2.0,0.12,0.0,203.0,89.5,0.0,126.70000000000019,23.865707996532365
359.0,0.0,135.32,0.0,2.0,0.12,0.0,209.0,85.82,0.0,76.90000000000046,12.306000000000083
336.0,0.0,111.34,0.0,4.0,0.14,0.0,180.0,74.54,0.0,106.20000000000033,8.716000000000083
335.0,0.0,129.28,0.0,2.0,0.24,0.0,180.0,82.48,0.0,116.40000000000032,12.646000000000106
314.0,0.0,104.42,0.0,5.0,0.28,0.0,202.0,69.12,0.0,63.42966229497938,4.5645932458996965
332.0,0.0,102.78,0.0,4.0,0.2,0.0,180.0,64.86,0.0,95.30000000000027,14.958000000000114
362.0,0.0,118.06,0.0,5.0,0.22,0.0,202.0,75.66,0.0,108.30000000000021,16.58200000000011
375.0,0.0,119.72,0.0,11.0,0.46,0.0,213.0,73.98,0.0,106.00000000000034,15.614000000000123
350.0,0.0,99.0,0.0,2.0,0.16,0.0,192.0,64.74,0.0,90.90000000000137,10.443910035308797
348.0,0.0,106.96,0.0,2.0,0.12,0.0,190.0,67.62,0.0,106.90000000000097,19.455727565229715
341.0,0.0,112.6,0.0,6.0,0.3,0.0,197.0,75.14,0.0,120.10000000000039,19.18178972028042
360.0,0.0,123.56,0.0,12.0,0.5,0.0,200.0,83.26,0.0,95.10000000000139,17.52400000000014
312.0,0.0,112.2,0.0,6.0,0.34,0.0,177.0,74.9,0.0,106.0,16.310000000000105
342.0,0.0,149.26,0.0,2.0,0.18,0.0,186.0,88.22,0.0,133.0,21.257438662647605
326.0,0.0,99.78,0.0,8.0,0.54,0.0,178.0,62.54,0.0,109.0,16.030000000000115
349.0,0.0,136.8,0.0,4.0,0.34,0.0,191.0,86.42,0.0,117.50000000000003,20.315404859970055
352.0,0.0,138.64,0.0,1.0,0.12,0.0,193.0,84.2,0.0,125.20000000000005,18.509394491124734
346.0,0.0,115.34,0.0,2.0,0.14,0.0,188.0,74.52,0.0,111.80000000000001,15.55142148976573
336.0,0.0,119.12,0.0,4.0,0.34,0.0,194.0,73.04,0.0,121.20000000000016,11.919729896621185
347.0,0.0,143.2,0.0,2.0,0.16,0.0,188.0,90.18,0.0,128.3000000000001,15.436922097812225
343.0,0.0,134.7,0.0,8.0,0.56,0.0,186.0,87.28,0.0,129.70000000000002,22.90799946021187
372.0,0.0,115.04,0.0,4.0,0.3,0.0,210.0,70.26,0.0,117.24233464086687,19.175817753823598
340.0,0.0,121.52,0.0,5.0,0.36,0.0,183.0,76.74,0.0,129.50000000000003,19.38640936963527
339.0,0.0,149.66,0.0,19.0,0.92,0.0,186.0,91.18,0.0,116.10000000000011,26.32337729463577
376.0,0.0,140.08,0.0,6.0,0.64,0.0,213.0,85.68,0.0,98.90000000000029,16.123009476244523
331.0,0.0,133.2,0.0,2.0,0.26,0.0,176.0,82.5,0.0,101.70000000000041,20.75210186585447
333.0,0.0,138.8,0.0,4.0,0.42,0.0,178.0,83.24,0.0,124.20000000000016,18.173988643488872
345.0,0.0,134.4,0.0,5.0,0.54,0.0,188.0,86.3,0.0,124.30000000000015,14.00180781935275
342.0,0.0,154.32,0.0,5.0,0.38,0.0,186.0,91.82,0.0,99.0,19.198290455912137
333.0,0.0,138.96,0.0,7.0,0.48,0.0,177.0,87.06,0.0,93.78121896479908,17.182720983645048
365.0,0.0,127.6,0.0,18.0,0.76,0.0,203.0,77.82,0.0,106.80000000000024,13.39428241233225
