JoeBot Scores
24962.txt 322 2 196 0 0 0 0.0
24655.txt 1458 16 743 1 1 0 0.0
24829.txt 1309 4 688 0 2 1 0.0
24991.txt 929 5 543 1 0 0 0.0
24966.txt 1222 1 655 1 0 1 45.80000000000013
24917.txt 756 1 297 0 0 3 0.0
24919.txt 1446 0 764 1 1 0 0.0
24812.txt 1633 2 797 2 0 1 0.0
24860.txt 1073 0 534 1 1 0 0.0
24972.txt 1413 12 820 1 1 0 1.4435229555317668
24989.txt 533 0 318 0 0 0 0.0
24464.txt 1323 25 651 1 1 0 0.0
24954.txt 464 0 178 0 0 1 0.0
24987.txt 1457 7 722 1 1 1 0.0
24965.txt 322 0 72 0 0 0 0.0
24863.txt 1276 2 648 1 0 1 0.0
24978.txt 1297 4 670 0 2 1 0.0
24753.txt 1527 4 764 1 1 1 0.0
24958.txt 845 0 385 0 1 1 0.0
24928.txt 1397 1 716 2 0 0 105.90000000000029
24431.txt 1595 0 694 2 1 0 51.65902193694538
24977.txt 1332 0 659 1 0 2 0.0
24855.txt 657 0 191 0 1 1 0.0
24771.txt 817 0 537 0 1 0 0.0
24922.txt 1395 0 664 1 1 1 0.0
24943.txt 956 5 533 0 1 0 0.0
24835.txt 1411 6 720 1 0 2 0.0
24867.txt 1611 5 876 2 0 0 0.0
24881.txt 1006 14 434 1 1 0 38.21168319823221
24909.txt 1215 5 533 2 0 0 28.40000000000049
24902.txt 273 73 0 0 0 1 0.0
24331.txt 927 0 510 1 0 0 0.0
24973.txt 801 0 494 0 0 1 0.0
24729.txt 1006 6 492 0 1 1 0.0
24857.txt 778 5 455 0 0 2 0.0
24963.txt 1268 5 568 1 0 2 0.0
24882.txt 1265 18 671 1 0 1 0.0
24952.txt 1004 0 525 1 0 0 0.0
24769.txt 1312 0 655 1 1 0 0.0
24740.txt 1355 0 565 1 2 0 112.88866517218085
24915.txt 1721 7 803 2 1 0 47.79999999999999
24830.txt 1222 0 586 0 2 1 0.0
24809.txt 1539 1 741 2 0 0 82.53330589218983
24918.txt 588 8 80 0 1 2 0.0
24453.txt 673 0 359 0 0 1 0.0
24923.txt 483 0 255 0 0 1 0.0
24920.txt 331 1 130 0 0 1 0.0
24956.txt 589 0 270 0 0 1 0.0
24911.txt 715 1 426 0 1 0 0.0
24831.txt 1651 7 857 1 1 1 0.0
25001.txt 940 8 394 0 2 0 0.0
25002.txt 1098 0 504 0 2 0 0.0
25003.txt 301 1 0 0 0 1 0.0
25004.txt 1138 5 620 0 2 0 0.0
25005.txt 1439 12 796 0 2 1 0.0
25006.txt 1029 0 392 0 3 0 0.0
25007.txt 370 0 100 0 0 0 0.0
25008.txt 1645 1 717 2 1 0 130.40000000000003
25009.txt 525 0 256 0 0 1 0.0
25010.txt 1339 1 624 1 1 1 66.33862564018345
25011.txt 620 7 243 0 1 0 0.0
25012.txt 457 1 104 0 0 1 0.0
25013.txt 806 0 569 0 0 1 0.0
25014.txt 1098 8 493 1 1 0 55.300000000000445
25015.txt 1360 4 643 2 0 0 0.0
25016.txt 1869 42 913 2 1 0 150.00000000000028
25017.txt 1362 0 620 1 1 1 0.0
25018.txt 1129 11 643 0 1 1 0.0
25019.txt 1096 0 589 1 0 1 0.0
25020.txt 433 0 249 0 0 0 0.0
25021.txt 408 8 0 0 1 1 0.0
25022.txt 1524 2 880 0 1 2 0.0
25023.txt 428 5 205 0 0 0 0.0
25024.txt 146 46 0 0 0 0 0.0
25025.txt 940 0 474 1 0 0 0.0
25026.txt 1162 26 491 1 1 0 0.0
25027.txt 1469 0 725 2 0 0 111.0000000000012
25028.txt 877 0 453 0 1 0 0.0
25029.txt 1073 6 546 1 0 0 0.0
25030.txt 1515 0 693 1 2 0 80.53404042673341
25031.txt 700 0 337 0 1 0 0.0
25032.txt 235 5 80 0 0 0 0.0
25033.txt 834 0 472 0 0 2 0.0
25034.txt 935 0 480 0 2 0 0.0
25035.txt 1143 7 539 1 1 0 0.0
25036.txt 431 0 67 0 0 1 0.0
25037.txt 540 24 196 0 1 0 0.0
25038.txt 657 0 391 0 0 0 0.0
25039.txt 1563 6 774 1 2 0 20.716149207099434
25040.txt 492 0 175 0 1 0 0.0
25041.txt 1424 1 586 2 1 0 81.300000000001
25042.txt 1558 1 728 2 0 0 63.70000000000009
25043.txt 1133 19 563 0 1 2 0.0
25044.txt 796 1 358 0 2 0 0.0
25045.txt 619 0 235 0 1 0 0.0
25046.txt 813 0 427 0 1 0 0.0
25047.txt 1491 6 782 0 3 0 0.0
25048.txt 488 6 32 0 2 0 0.0
25049.txt 1474 0 805 0 2 1 0.0
25050.txt 368 0 329 0 0 0 0.0
24915.txt 296 0 185 0 0 0 0.0
24831.txt 625 0 279 1 0 0 71.20000000000016
25008.txt 82 0 32 0 0 0 0.0
24812.txt 600 0 266 1 0 0 48.30000000000001
24867.txt 445 0 259 0 0 1 0.0
